#|num|weight|mean|covariance matrix|
|0|1029.1154181469637|6.534843772361106 28.071689116837323 22.629337121963356|17.974799533435476 -2.156720109305714 6.8743611388713015 -2.156720109305714 7.185663839064967 -3.1553437924471814 6.8743611388713015 -3.1553437924471823 11.3326772360838|
|1|753.6342701904424|41.20049720111519 30.70508493730846 28.09375381720447|16.41283349126449 0.17259005571661556 -0.13171066760134204 0.17259005571661568 9.769874334430574 -2.0865556027839474 -0.13171066760134204 -2.0865556027839474 3.4522373547578997|
|2|836.0704065307954|21.18986432670242 45.56655136834845 29.304850349861844|4.813375916423054 1.5696562790239095 -2.712779925867382 1.5696562790239097 5.972702795124999 -3.427843989103367 -2.7127799258673826 -3.4278439891033665 26.684082276245743|
|3|1148.6473647358196|19.971962544913616 46.89964977810677 13.059530060233788|5.081342843463013 0.7925629469568358 -3.289953806598387 0.7925629469568358 5.643174807885371 -0.3307580694903803 -3.2899538065983873 -0.3307580694903803 34.59437630565049|
|4|1441.3036949098473|26.47679779125218 29.70549907888667 25.839386763496385|33.931164073049814 4.065502657866542 -0.39797070114677324 4.065502657866542 5.324405267265144 0.9477049661928513 -0.39797070114677324 0.9477049661928514 11.570350941908858|
|5|702.2110511096325|36.82027200920985 34.92450011055457 18.78745903405582|4.544751541186066 1.9166537097368987 1.7762728189422807 1.9166537097368992 13.511777616104137 -1.0490469221549703 1.77627281894228 -1.0490469221549703 7.360544663632142|
|6|461.41000657176517|36.83395815669817 23.526324903509845 12.733279410053129|5.084576390987951 -4.833505848972714 -2.341039536553697 -4.833505848972714 9.304239327134498 0.03134347917844993 -2.341039536553697 0.03134347917845051 9.680748925330814|
|7|1017.325809698287|16.768572255919427 35.18058069488882 29.91043106145408|15.017694844782227 8.750430467294251 8.67814105616888 8.750430467294251 16.37037555600808 11.30358320140754 8.67814105616888 11.303583201407537 16.48552778726858|
|8|1120.2179033074829|12.028081342865674 36.716835375421574 21.135191151305627|9.99150761242231 5.57779997433139 6.9328268887256925 5.57779997433139 20.024124986938386 16.94552074442759 6.9328268887256925 16.94552074442759 23.343766188158273|
|9|1179.9271747989533|41.4149807184787 43.91642304340907 24.820842262197544|13.514292471583246 -1.0136138281817244 4.195063067078668 -1.0136138281817244 9.882153689939177 3.3774808660579083 4.195063067078667 3.3774808660579074 9.54333083328732|
