#|num|weight|mean|covariance matrix|
|0|820.8865806848402|19.576055893797562 46.76674598187019 10.939245783449548|3.819220896428594 -0.45341828552419905 -5.157511027371985 -0.45341828552419905 5.983876729793982 0.19936641917000542 -5.157511027371986 0.19936641917000547 24.424830586307685|
|1|755.0051482020614|41.162186265579805 30.75664483933753 28.079423528725215|16.647500388182753 -0.12511882251121134 -0.05405228996016118 -0.12511882251121126 9.7102442063702 -2.099756137444392 -0.05405228996016118 -2.099756137444392 3.4675392039091175|
|2|1143.106077664374|7.658665967895473 28.076963312614925 23.149217790008223|23.449845798376526 -0.48036356710933625 7.64923958234957 -0.4803635671093365 6.663834996645127 -1.9268927662489252 7.64923958234957 -1.9268927662489252 10.219879548871187|
|3|719.9869120385133|36.77369730897965 34.84975983323969 18.845416487854926|4.920171673420793 2.1140199374585436 1.711118976418896 2.114019937458544 13.362168834113223 -1.227594695250452 1.7111189764188968 -1.227594695250452 7.374530124239316|
|4|1526.7062870402565|25.748274289013406 29.828304770694203 25.948016950910436|37.28958918849237 2.1656459627664346 -0.08802624135770355 2.1656459627664355 5.383927803162151 1.1116272471511714 -0.08802624135770355 1.1116272471511717 11.146967251691718|
|5|1103.8552526785782|21.02773661362898 46.354059891801654 25.9270119464336|5.919957472215584 2.0610027197755727 -4.1586003644637515 2.0610027197755727 5.052932828718486 -5.486129219751289 -4.15860036446375 -5.486129219751289 49.6190479615049|
|6|969.1984344450965|17.127369097667547 37.52973109637487 30.895813824374677|15.598365948954992 6.541358078867167 8.631101970757124 6.541358078867167 10.108195815973541 3.7050421843175143 8.631101970757124 3.7050421843175134 12.196620124253872|
|7|462.93233795384464|36.82457406070447 23.541468494042356 12.7480470730998|5.11268409199084 -4.874625839671496 -2.383916210611561 -4.874625839671496 9.36143203246226 0.10821089348850688 -2.383916210611561 0.10821089348850718 9.727915821722707|
|8|1179.6939300777342|41.41194999393099 43.92159639870177 24.82457508153681|13.526719269976976 -1.0142066253470032 4.219821020386567 -1.0142066253470032 9.846178178295947 3.3384563991219003 4.219821020386567 3.3384563991219007 9.540361651598591|
|9|1008.4921392146903|11.34712051365765 36.033784957120766 19.918879966783887|11.887447741476118 5.993135400457151 5.457184707938723 5.993135400457151 19.68136434165014 14.304833815112508 5.457184707938723 14.304833815112506 16.52566152385555|
