#|num|weight|mean|covariance matrix|
|0|770.1092884033585|19.383411289575445 7.623866446805907 17.246437219001017|10.56377869499442 0.23722018582401838 -1.4219563680206608 0.23722018582401816 14.38520684737586 -10.64330154073972 -1.4219563680206608 -10.643301540739722 11.883077865217372|
|1|1184.4424846432732|-6.221748438264018 -0.5493412535169431 38.091533639453985|10.27087240764255 -1.8413471034121272 -4.255546028314376 -1.8413471034121287 10.074040061687292 -2.017359030103825 -4.255546028314376 -2.0173590301038242 13.25561971181094|
|2|1283.2337273358635|7.372908370013535 13.330836510856944 30.94493995690269|24.55173386060167 3.6647692331518913 -6.355066621385412 3.6647692331518904 5.262192959552352 -2.127123928567353 -6.355066621385414 -2.1271239285673533 14.740539235286581|
|3|814.3969028637126|-4.434015499703421 12.884865968256038 39.182038495234174|13.535483143619166 2.7774175090456796 -4.897677834891293 2.7774175090456796 8.413526700026978 0.7026661596435702 -4.897677834891294 0.7026661596435704 6.750496974373107|
|4|1193.0145600797528|8.384125884389011 -5.0194934627868655 18.568989803190618|14.537473186720133 3.1312935593502003 15.448408838974377 3.1312935593502003 6.432770126567592 4.1222099894475335 15.448408838974377 4.122209989447533 29.797719409245065|
|5|1003.9482331972802|14.402947433760307 -1.0514317185567286 34.48652680422796|11.334219483992547 4.588305843522635 9.246451413921427 4.588305843522635 11.23374726315675 6.503032242167324 9.246451413921429 6.503032242167324 17.823041499195632|
|6|1022.6001874931338|-12.359643033948602 22.469933609232914 20.662080019038747|30.999003662852186 -27.250755552628174 14.921963106584935 -27.25075555262817 32.42856313266905 -12.175524832118294 14.921963106584935 -12.175524832118294 13.414973344230106|
|7|690.211037348466|-4.986840650420569 7.307590751434265 29.754815456956244|3.667286308285878 2.269974641959896 0.11372130199472541 2.269974641959896 13.912705134805577 -0.6968847679206246 0.1137213019947253 -0.6968847679206246 8.244095326487315|
|8|1097.8199267721654|18.244246300988106 6.621580482537058 28.77882757580991|6.948339678357592 -1.7209926646373381 0.3034018793723527 -1.7209926646373381 11.171447858135078 0.720864774900621 0.3034018793723527 0.7208647749006211 18.9864411017055|
|9|1150.4215518630012|22.40748270534148 14.616785319578472 21.336796584627397|16.135043478355694 0.44673985954942164 -10.039096996456976 0.44673985954942186 6.189691592985669 0.32147487370972083 -10.039096996456978 0.3214748737097207 16.22291486661801|
