#|num|weight|mean|covariance matrix|
|0|1533.6794797013558|47.62131890573819 28.596973750956938 56.22235464323379|9.762814593480032 -2.3764168213011647 8.330031832525092 -2.3764168213011647 7.150870481971532 1.8023596828151334 8.330031832525094 1.8023596828151334 46.18196754039722|
|1|1500.253124699983|43.072766487917875 6.767635979609581 39.36445184530703|24.777124504374726 13.665376419044803 6.257278344555315 13.665376419044803 15.783034449819006 3.347378442492118 6.2572783445553135 3.3473784424921185 13.115538001965788|
|2|1512.102215917406|30.603500906445895 19.404465276444487 61.303592386113614|14.956954406387787 5.004445960907811 6.554979786567449 5.004445960907811 19.81369675216941 9.760884149980454 6.554979786567447 9.760884149980454 15.916891062369292|
|3|2193.022918942786|34.58173929815114 20.976743431722213 47.98589800374234|20.803335690257562 -16.516549194200906 -42.23245727420745 -16.516549194200906 22.4600489494615 44.738619691339466 -42.23245727420745 44.738619691339466 121.29618753031939|
|4|772.557566451242|57.83262903477684 25.875611613126612 67.46307363262065|36.983195644963594 -3.9290672648904685 8.275620373618702 -3.9290672648904694 8.129220105886406 -5.626493970162961 8.275620373618704 -5.626493970162961 6.619065724170219|
|5|638.3846366652898|34.07619865629943 -0.8405290883525622 33.0640905996724|8.856555454078158 -4.325363477128456 -5.239843184292189 -4.325363477128456 4.951084351038051 3.1098037114736248 -5.239843184292186 3.109803711473625 14.642353344987274|
|6|402.776639247175|42.300878599992494 16.499025883476314 41.054616758717195|7.908183574193133 3.8139058253948788 6.992664651588657 3.8139058253948788 11.047017452288054 1.5910441873098726 6.992664651588657 1.5910441873098715 11.536000570838102|
|7|633.5945874671385|40.835578468868505 7.758414776763229 29.734093557943982|4.252638411056102 4.728138789437298 -1.5091357303059614 4.728138789437298 36.67287132927887 14.45636232168266 -1.5091357303059612 14.456362321682658 10.778559154946961|
|8|520.9752027903652|46.18080553172685 24.90812831772779 43.925483665479284|2.5491706656347026 5.080502580870762 1.3773256226154018 5.080502580870762 36.96224135282142 6.532360821847722 1.3773256226154018 6.532360821847721 6.311715278127784|
|9|1047.388028117288|23.164090056806824 17.126690829853917 51.07113509328747|17.03269089267574 3.1692466462686353 -4.245345201152136 3.1692466462686344 9.235812706735869 0.8146338080488138 -4.245345201152136 0.8146338080488136 7.486754803336757|
