#|num|weight|mean|covariance matrix|
|0|1537.6662991219985|47.61570670502328 28.62160129339352 56.175987649693745|9.699149375181285 -2.427594010664774 8.27254324860331 -2.4275940106647735 7.172315236738054 1.5716124603005142 8.27254324860331 1.5716124603005144 46.27472449151804|
|1|1378.7121692996334|33.28180988626495 21.996809442505015 50.707354500354235|9.979513089297164 -5.364038367485064 -10.241910930891352 -5.364038367485064 13.26300568425957 14.234887356576607 -10.241910930891352 14.234887356576607 34.657617504451764|
|2|1005.7258867080701|40.101669996293516 15.521255681943368 34.34747962688032|6.7610308503819105 -2.3463621470846365 -7.211313151985562 -2.3463621470846365 10.769699482608559 11.387629190865173 -7.211313151985562 11.387629190865173 27.02205121239313|
|3|1199.5259500399263|23.365350479832507 16.757164198160424 52.19062230074094|15.208009413611672 1.108353730668403 0.5601130775580319 1.1083537306684026 8.522111750893856 0.984274214217912 0.5601130775580319 0.9842742142179114 9.699549696882931|
|4|1551.3532532405466|30.836671669884105 21.17006723294914 62.69893481544283|12.947743893169923 -0.4113020336011407 1.397058934673825 -0.41130203360114115 23.487482048528054 8.653532859797151 1.3970589346738256 8.653532859797151 11.984845699744366|
|5|774.8074554533092|57.80909695660055 25.882836003491494 67.45428672721562|37.14164701850492 -3.963764584008878 8.318998736551157 -3.963764584008878 8.131188858792141 -5.639963349990731 8.318998736551157 -5.639963349990732 6.642393598326319|
|6|1034.555862657755|45.664233098979466 8.873720020561697 39.19695943995613|11.637007817649913 3.389554366394493 8.337883085763742 3.389554366394493 10.8399636426675 3.5007295587619867 8.337883085763742 3.5007295587619858 17.917179633509086|
|7|788.1962599485016|45.210206065123295 21.664941813751646 43.433802868174716|4.764029080320033 10.9128009779561 2.5724898384318005 10.912800977956099 49.086274009868056 7.956452238841364 2.5724898384318 7.956452238841361 6.780080356019038|
|8|632.344758509499|37.89076578635547 0.8296707866015862 28.72516562921403|10.726705615776014 4.125808694803419 -4.215504425133265 4.12580869480342 12.916347511615493 -0.016706342204131364 -4.215504425133265 -0.016706342204131808 5.907649914776403|
|9|851.8465050207853|35.81243932032585 1.8304927589478959 37.883898694525016|13.369681196002574 4.255222357054188 4.8132419387504415 4.255222357054188 8.26592847579559 4.085851487108097 4.813241938750441 4.085851487108097 8.914365395018507|
