#|num|weight|mean|covariance matrix|
|0|1577.0112409030194|1.9067854801089452 18.223535253673774 67.88149781064905|9.270676893452507 0.23140101942327185 12.026198774343174 0.23140101942327185 7.825265798548696 7.853407429874271 12.026198774343172 7.85340742987427 52.256057037145624|
|1|1099.3803763224582|-6.1782984246773065 33.768902913322215 45.732161536106176|3.5024512445964593 0.35303508825642527 -2.2383327840175475 0.35303508825642527 14.383137289571492 4.567626191985223 -2.2383327840175475 4.567626191985223 42.218984056573404|
|2|634.0875933485464|19.790559350814174 29.807135449506863 58.65705082776836|7.35430076119056 -3.4995689689017873 -3.6584459452776996 -3.499568968901788 7.8372609474254284 4.041180820996283 -3.6584459452776983 4.041180820996282 9.059951105573047|
|3|1232.8510044417571|-2.2567020256911143 26.664166728742796 52.61482737881648|4.119461098329957 5.038073052351878 -5.689554358329966 5.038073052351879 56.732307647248255 -25.74184230121757 -5.689554358329966 -25.74184230121757 27.176914513094438|
|4|690.7350491670237|-4.403865273005324 21.270117159903812 81.97951620932876|12.152218410561733 -2.8368011712459595 -13.432999762520199 -2.836801171245959 9.302954896089583 9.216290949978974 -13.4329997625202 9.216290949978973 23.382032928152746|
|5|1826.3644960418683|7.768557806905675 25.343847887700743 52.21235848551157|52.880379413153285 -17.611292210362734 50.92132125478969 -17.611292210362734 12.570503159778516 -18.169155161659894 50.921321254789696 -18.169155161659894 57.27130825499751|
|6|1442.5226718867689|0.01735435532486582 42.64066925196783 39.923396981219234|17.7248408045003 2.083562575776601 6.510260211510166 2.083562575776601 9.63160892192547 -5.116575953221928 6.510260211510166 -5.116575953221928 23.103735962572465|
|7|997.8667051691727|19.629959302450285 28.609958287771246 50.25186869648216|16.701639733712483 0.9997685661708924 1.2763694817318987 0.9997685661708925 7.752045818442965 -0.17054269285499235 1.2763694817318982 -0.17054269285499235 5.510611606830817|
|8|604.9776434408147|16.891438988209615 27.565230586139574 67.06179546077095|8.848256172586972 3.9044469754004294 -0.8089435523421962 3.9044469754004285 11.272148988660454 -6.442674261736859 -0.8089435523421953 -6.442674261736859 7.780928287419073|
|9|648.9376192785933|20.224616968646714 21.49775738110229 64.68825771002004|12.92428437630726 -0.5404872118548059 5.872255276340013 -0.5404872118548059 2.830795366050513 0.36285405079338645 5.872255276340015 0.36285405079338645 16.802726828417402|
