#|num|weight|mean|covariance matrix|
|0|1123.4800094531959|1.3002236830746894 36.87424538292046 29.141063698327027|16.010040291025334 -2.9676279256784808 -2.393330337185553 -2.9676279256784808 8.589299230359323 -3.435707983986907 -2.393330337185553 -3.435707983986908 14.45908601441413|
|1|973.2958918132821|0.2521418920276999 42.21014045525903 54.39110869573087|9.562891616595646 -13.162769699657844 11.766792025493388 -13.162769699657844 34.92775402053305 -19.520194839251374 11.766792025493388 -19.520194839251367 19.581149988346635|
|2|944.6357976572093|9.792220145655415 36.221659707277226 59.45461014644346|7.995972503382484 -2.691648368148995 6.151196869440999 -2.691648368148995 8.26032203286734 -6.97465703942125 6.151196869440998 -6.97465703942125 28.14678356347377|
|3|874.9867882037959|10.741296637770766 26.494157216877518 38.32424236574988|5.938143973659398 1.3645628987410021 0.2241659323712264 1.3645628987410023 11.033317686608274 -4.1157773078406175 0.22416593237122595 -4.115777307840619 13.029385960616073|
|4|585.6822478775954|-10.92028953984831 48.998584783311784 42.08453582148619|14.688766349108455 -7.888192730678633 10.43822499372389 -7.888192730678633 5.7426207462543575 -5.860005735259019 10.43822499372389 -5.860005735259019 22.557547098639777|
|5|1418.1727318969736|3.338788831108309 26.639340528219517 61.79912170002162|11.274341187094793 -8.354842377172375 2.099956870732339 -8.354842377172375 23.548757886518608 4.6889083342283095 2.0999568707323393 4.688908334228309 10.911343329663636|
|6|392.4510151759453|10.01219860955218 25.850115412982905 69.28611768181193|1.278974702044914 2.865682999092668 1.0424089749372407 2.8656829990926687 18.57455914553018 -2.9636875567590804 1.042408974937241 -2.9636875567590795 8.11741826008255|
|7|1335.3311245174166|2.0512605747784174 24.887302472439817 35.56216852424485|10.544711073786168 -3.220383386302236 0.02034725455333586 -3.2203833863022355 26.151491281035156 -8.952766230688905 0.020347254553336747 -8.952766230688907 12.820474614561984|
|8|1453.5623934045473|8.704244342706296 35.60510895015891 43.10399954828162|7.427008277561754 0.1569971729978148 6.5988383313394445 0.15699717299781524 6.456550719187426 -3.2323550084384323 6.598838331339444 -3.2323550084384327 46.24666245537287|
