#|num|weight|mean|covariance matrix|
|0|943.5863417007686|9.54272972978587 34.89565159661862 62.2138011235665|6.186233046891518 -2.920342443578878 7.508081354918138 -2.920342443578878 16.5577533197344 -17.709402168149218 7.508081354918139 -17.709402168149218 35.44072651392097|
|1|953.1610412318115|10.756176226009954 27.552937195493353 39.10983473840828|5.249234958662358 -0.28716516896379063 -1.2234911626263294 -0.2871651689637904 14.694294911311715 -1.435204957856464 -1.2234911626263292 -1.4352049578564643 15.041202978180886|
|2|870.8693954592294|-8.248533637898108 48.878902040360245 44.71774652921751|26.186765235702875 -6.710765231651077 23.155512558542668 -6.710765231651077 6.1657549050356675 -4.635083323004801 23.155512558542664 -4.635083323004801 32.420654625343694|
|3|1391.488708648058|2.8833750179128637 24.905946333324778 35.685895569060804|11.262485804042061 0.44098410755325057 -1.2090881721513889 0.44098410755325057 26.04734388954118 -8.541218761176266 -1.209088172151389 -8.541218761176268 12.827667365939664|
|4|1442.5851906076668|4.55350966905513 25.272719312500517 62.90334558295324|14.070064129824162 -7.8934297877010735 7.333777706904551 -7.8934297877010735 18.865863456876227 1.9053043971447021 7.33377770690455 1.9053043971447032 18.066455461085532|
|5|544.5116935673894|-2.638050996418633 35.84746402141707 30.798135035075795|3.2243827603188064 -3.8055417863170216 -0.27936422052206566 -3.805541786317022 16.70010665367574 -6.135117808521203 -0.27936422052206583 -6.135117808521202 8.439695337691898|
|6|1262.3159810566835|9.450449104956139 35.884749713358524 47.12948538144995|8.433422847457937 0.5610316652563885 7.550379467592111 0.5610316652563884 4.129282553966626 -4.321390379717099 7.55037946759211 -4.3213903797171 52.01772385218749|
|7|845.3879914883762|1.188328783087878 38.44400031466287 57.01765567792176|4.822731743784444 -3.0023711391691656 3.9986787122670266 -3.002371139169166 25.74893493365161 -14.741441750705341 3.998678712267027 -14.741441750705341 15.548942469951784|
|8|847.6916562399797|4.556510638081072 36.958183409406004 29.73676120888799|6.955783915560208 -1.8747417033691796 4.995814284192435 -1.8747417033691796 5.282696610245334 -3.019250246949045 4.995814284192436 -3.019250246949045 24.550957986199684|
