#|num|weight|mean|covariance matrix|
|0|1234.3060886409241|1.8600015301740764 7.633174192126553 7.328688022744308|14.729017823145952 -5.309205385561301 -7.351100752581605 -5.309205385561302 13.069847545399124 6.2791485150846045 -7.351100752581605 6.279148515084603 18.847388903522845|
|1|1389.8995369253362|35.83726836802861 14.122240597491276 3.9903968592374692|13.737360864597811 -6.2945093342721155 2.967213662216325 -6.2945093342721155 27.619343898568044 -0.8300252726892997 2.967213662216326 -0.8300252726892996 7.243385104069663|
|2|1122.8888391814362|24.99972788530947 -0.14808571957744432 15.391160792423099|19.18108806200026 -1.3809196504019194 -1.616255868077864 -1.380919650401919 8.99986665219313 -6.391222752367575 -1.6162558680778636 -6.391222752367574 17.685041291702646|
|3|1607.04243062367|15.993575981832112 17.114790430166053 8.119030981336234|16.219567739303216 5.386529538878532 4.584837722183509 5.386529538878533 15.197395047075538 -0.8069106583626056 4.58483772218351 -0.8069106583626056 16.163870555925126|
|4|1228.0593500884365|29.86163884672249 11.779032565249343 19.534117273873115|12.616911713517483 -2.6631889592793696 -2.6827648028410964 -2.663188959279369 8.776560005300547 -1.866348799796429 -2.682764802841097 -1.866348799796429 17.543614166393695|
|5|982.7942530565213|37.137595099329225 6.0933205667518315 12.15927777849128|12.264795070120035 -1.715339581471409 -0.14805193533660876 -1.7153395814714094 14.851369114012961 8.210860643242516 -0.14805193533660876 8.210860643242514 13.259206778699147|
|6|914.7570621711063|7.375743379914187 1.8206922865695332 -5.974502139841552|9.086943315630183 -5.020762001943152 -4.6770753893625905 -5.020762001943152 10.898906111013172 6.2129221700064425 -4.6770753893625905 6.212922170006442 12.581267009019456|
|7|1019.1767662859733|14.750957376030275 4.197143244684521 20.991861559289706|18.7513830082576 1.7550883994319801 -13.099783836213664 1.7550883994319801 10.69194362012774 -0.8803422249507753 -13.099783836213662 -0.8803422249507751 16.714261559662354|
|8|1609.7862587066093|12.400140902472506 4.221471127306549 8.545769047905912|19.415440735392526 8.389431692430154 2.697209062958168 8.389431692430154 19.636442999022975 -3.0815779490878006 2.697209062958168 -3.0815779490878006 15.342025461088124|
|9|1019.0421608905355|5.027790769540892 16.417455780290634 1.2575082587517303|8.205882417965157 2.6058185487404457 -0.6911670727122148 2.6058185487404457 12.464065636188655 3.5924822002612995 -0.6911670727122154 3.5924822002612995 12.249581833750177|
|10|1024.9699917029188|6.13879985118904 18.347713699345757 12.897803507675611|11.268663777573707 -5.26398342262914 0.9309438370194996 -5.26398342262914 29.393337920575384 -6.308876281819478 0.9309438370194996 -6.308876281819477 4.5139573699487485|
|11|484.20849855664346|10.27770503966628 27.33419187853604 6.634202887512157|12.545757331930696 5.108190391219266 1.5814704367993628 5.108190391219265 8.837297812874457 -2.6412293043677555 1.5814704367993626 -2.6412293043677555 4.450570138795599|
|12|881.2691634996886|31.130341842169877 20.018734836641226 12.511238274111097|20.090477566095025 7.316307317974925 5.956800707805356 7.316307317974925 6.340035946810981 1.3772583595170067 5.956800707805353 1.3772583595170076 13.331637624982577|
|13|1056.6409977306027|21.734404733119455 5.394325897793467 25.594638773283393|10.56518829252461 -8.75793888510714 -3.2255772250938857 -8.75793888510714 16.78425019828967 -2.183237118486179 -3.2255772250938857 -2.1832371184861787 17.701813768638917|
|14|1097.0329985680517|11.9439464541965 11.113231231326047 23.672348926296515|12.279744766897611 -1.9174881930415912 10.67045189744087 -1.9174881930415921 12.766914490781481 -7.2585431276630406 10.670451897440868 -7.2585431276630406 30.927898553610646|
|15|590.7094874944639|44.57421905372501 16.72937744221437 22.2400699865728|5.644079926191422 -2.675027927581666 8.609584483444909 -2.675027927581666 6.485558827378583 -5.625282586639852 8.609584483444909 -5.625282586639852 21.002807062585884|
|16|1344.6502992051924|25.351194727388503 10.19701156428059 5.8062654152121524|12.888877922073403 4.343888376871686 0.8081270362476852 4.343888376871684 13.769640601362406 -0.8080948668095829 0.8081270362476852 -0.8080948668095828 19.040690162411284|
|17|603.6924842896675|26.038973976215452 27.156990961082048 5.033379200278467|35.444209174723206 -7.518715441064886 -5.344325895947602 -7.518715441064886 6.392480037512859 2.0770217836892533 -5.344325895947602 2.0770217836892533 1.9105471611759959|
|18|910.8912103882036|36.8041149266773 0.757959523924512 1.557584732305879|6.703005652955842 -7.529724448561605 0.488502653493069 -7.529724448561606 25.809287727067588 -4.003574714015585 0.48850265349306965 -4.003574714015585 5.346637797227957|
|19|1105.36252199417|21.28833784888234 -9.0490852528391 19.990960107663028|6.206392843562296 0.16830226218047328 2.3563573529247694 0.1683022621804735 18.458090127667635 13.418976178073697 2.3563573529247694 13.418976178073693 19.05523257096902|
