#|num|weight|mean|covariance matrix|
|0|1021.2334364889067|7.20146463729734 2.081173279191455 -5.2463440407340505|9.185147837144495 -5.097734246428301 -5.561283290024459 -5.097734246428301 11.251798808431293 7.540877754086138 -5.561283290024459 7.540877754086139 16.39023099173706|
|1|1593.9244357008076|29.24596987058852 12.023787655632741 17.635592117070885|11.696006511043855 -3.207595463332381 1.2221739607705604 -3.207595463332381 9.609604950594665 -2.509601974608464 1.2221739607705606 -2.509601974608464 27.030014774368958|
|2|1086.3681211442035|4.678638697301195 16.056789137643943 1.454949055881571|8.292003316654617 3.5452173033141836 -1.7571980179954507 3.5452173033141836 15.997117092343666 2.6976804971411528 -1.7571980179954514 2.697680497141152 12.565186417292855|
|3|1576.9736003600397|16.256692593581157 17.710301975964445 8.06264945195994|20.93910360256553 4.288568849664861 5.804717287090359 4.288568849664862 10.935698711912597 -0.010385342135808884 5.80471728709036 -0.010385342135809772 16.287824588922685|
|4|1311.0159623629847|38.128872968917186 7.079624026629589 9.93621598085524|7.692746482499227 -0.09382911123139975 -0.18777819962983758 -0.09382911123139978 17.864344594878553 2.737423427553579 -0.18777819962983755 2.7374234275535763 23.477928913662065|
|5|473.43869365683895|21.13239859691504 -12.646428095887396 16.05751454857962|5.3317671107014775 -0.30051663605982915 2.506592016693443 -0.30051663605982903 4.797879072982929 -0.35770741580941257 2.506592016693444 -0.35770741580941273 5.359028718693116|
|6|1101.4566254008328|32.365760104160294 20.21189085351433 9.709265730827333|13.65162749863577 4.062510926682131 3.440398126793007 4.0625109266821315 5.442438039070919 2.8549453416464265 3.4403981267930077 2.8549453416464265 27.74451922689841|
|7|1075.398307966867|3.4392988224947247 10.758247467589813 11.696052584150944|27.79658662530292 4.065173866774766 7.968373981933687 4.065173866774766 6.868791510122442 4.901353733917533 7.968373981933687 4.901353733917533 14.75482083292957|
|8|1040.2945182535|20.34496910361342 6.364236819686216 27.125175984551426|15.954760645126212 -9.09489313543101 -12.069189186980166 -9.09489313543101 11.243905245813703 5.591182911219056 -12.069189186980168 5.591182911219055 21.412656377246755|
|9|840.0941118148679|37.012005354311285 0.2886619909058226 1.5969364504309211|5.658279723075827 -6.349626844128496 0.5619359537216444 -6.349626844128496 24.233029468340057 -4.157711984291939 0.5619359537216444 -4.157711984291938 5.580789557349062|
|10|590.8054341551833|44.558117894817755 16.803562004813443 22.26721629154161|5.777987062805028 -3.00271990922523 8.579503419321881 -3.0027199092252297 6.733186039163136 -5.999426977983626 8.579503419321885 -5.999426977983628 20.641756010792307|
|11|1410.9702736828074|29.95321202972302 11.974453293067674 2.9348213717539857|42.677697639527246 10.245056070859455 1.866074905547502 10.245056070859455 14.975416993730496 1.783828580725878 1.866074905547502 1.783828580725878 6.122052729117075|
|12|1121.4488287430233|7.1102024820814265 23.455194498708835 10.269128625898652|14.753340001236682 7.388311211121332 -5.48343516651105 7.388311211121332 19.7256154168705 -11.335069320278684 -5.483435166511049 -11.335069320278684 11.729901712913732|
|13|821.3088230307283|14.295182392663706 3.555197808206582 21.672262990609767|16.906875336823976 1.0307894720512798 -11.502101935649518 1.0307894720512802 6.6309056653318805 0.7771706346482175 -11.50210193564952 0.7771706346482173 17.15910642599278|
|14|699.578376727619|21.86525198529369 -5.126282888226938 24.17236509598895|8.363172319784859 2.4359583435437813 4.157390239253451 2.4359583435437817 16.417040488467478 9.333223422198914 4.157390239253452 9.333223422198913 10.308488028302094|
|15|1182.8697308299131|7.745482388346089 2.1897863762379126 7.6370894560160085|21.941474616532556 -4.622599781989992 4.628224808118118 -4.622599781989992 11.284243524419214 -4.416986859217837 4.628224808118118 -4.416986859217838 13.267818634989336|
|16|846.8225187710058|12.328083667151045 11.167852555422645 22.8362993886908|13.616628788156499 1.5650959619044549 -0.06076586907050861 1.5650959619044549 12.964711904619648 -1.447017504754871 -0.06076586907050863 -1.4470175047548712 4.610763636575741|
|17|672.6995841504125|25.33832869693091 27.36374260696517 5.027076133677186|43.76621582240936 -8.627338304236284 -6.544427642432591 -8.627338304236284 5.719349245362958 2.410993508027858 -6.544427642432592 2.410993508027858 2.267799517891984|
|18|1562.5136517047|24.67754511992931 0.8883055202985198 14.47448610083155|21.180596794153026 0.36320373495240965 -3.296352215808192 0.36320373495241065 18.200408533482676 -13.347315510165807 -3.2963522158081906 -13.347315510165807 22.489571855227403|
|19|1197.9653650549058|15.684200810881391 8.018409248975967 9.515156553662438|22.237215516262037 0.05063556777950662 2.410981148806473 0.05063556777950651 9.256794393777017 -0.7445053146449453 2.4109811488064725 -0.7445053146449454 22.531411300187315|
