#|num|weight|mean|covariance matrix|
|0|2599.9608420396253|-19.418470560095493 3.295285626252886 -1.6113384073221253|9.180110722391044 -3.3805424188831097 -0.06472814233500968 -3.3805424188831092 46.30415485071441 24.774121265058255 -0.06472814233501012 24.774121265058255 60.49379415928745|
|1|1929.7037479417709|10.349450273270609 7.599658056308604 -18.818676885550705|14.147798656839782 1.1042952204072938 8.141178583576773 1.1042952204072956 26.530524592378228 -7.847323303388623 8.141178583576771 -7.847323303388623 28.802180790892173|
|2|3171.171370800163|-9.475227373456782 7.515646779282317 -0.10999735510536993|23.667369423826315 -0.06001670592180375 16.265482852923192 -0.06001670592180197 51.28009089987457 -14.800501639747782 16.265482852923192 -14.800501639747786 48.568678369755936|
|3|3463.9752852995716|-15.242768456044908 19.12867682306121 7.630850537388461|54.1173106647482 0.1014589635590547 -9.777083288810035 0.10145896355905448 16.935928357968518 1.4141989393150975 -9.777083288810033 1.4141989393150982 32.46062429628411|
|4|2343.6031829465223|-0.33555065194106815 8.700343220023331 15.149209950350338|71.06175241428996 -34.27507502401147 11.47161116513135 -34.275075024011464 50.375776982655566 0.197393166582704 11.47161116513135 0.197393166582704 11.494765493686655|
|5|3470.467951254401|0.16328287360188332 -8.61674377319992 -13.11921593383627|32.918502854057664 4.289812388098975 0.4314419869163917 4.289812388098975 36.02508176721372 -13.04136444763822 0.4314419869163917 -13.04136444763822 30.267560986778683|
|6|2678.3531991976834|-12.85568667861307 -10.969583548849391 -1.707892004399655|28.749574232880473 5.408518902611367 -20.942230734238315 5.408518902611368 20.829199193909112 -5.483887961508027 -20.94223073423832 -5.48388796150803 51.18887921553225|
|7|3465.122011451414|2.9546416671284614 17.19821967795118 -5.326745212142796|22.299838288183487 -4.017681777339915 -2.241338734482558 -4.017681777339915 30.023617266734398 -8.622456428507007 -2.2413387344825595 -8.622456428507007 45.355494212885944|
|8|3630.1452330192783|11.691109416257422 -1.635190493884655 -5.907537695360534|20.79951336646446 2.9183421350895644 -11.219056485481524 2.9183421350895653 45.86731053010705 2.533310745945191 -11.219056485481524 2.5333107459451893 33.350866376382186|
|9|3993.971969229945|-3.8720977069354117 10.182821807204464 -14.08488940362866|32.314547401983695 -17.00527507834986 -6.456660969846536 -17.005275078349854 51.76866814312014 -0.4369047272233253 -6.456660969846536 -0.43690472722332263 26.307404670332833|
|10|1758.7142560829798|-18.722796656174214 16.973922062377202 -12.489714834386149|50.58522156917399 42.40444390732692 50.914084066220745 42.40444390732693 44.49468975195324 43.919544372106486 50.914084066220745 43.919544372106486 64.48357067299393|
|11|1303.379744644325|-15.854058260774085 7.93169038247932 15.936432073758526|35.646127770220765 -3.429908060131042 -0.9465769437123935 -3.429908060131042 7.629511053254689 0.8167581776392332 -0.9465769437123933 0.8167581776392339 10.211625288159048|
|12|4031.369140104722|0.9248902148795147 -10.813099480358115 6.462234131631249|26.87106027336664 3.5960356556897013 0.12948652080888895 3.5960356556896995 27.914383082578475 -0.9428133704938277 0.1294865208088889 -0.9428133704938279 42.40304423375121|
|13|2637.126865986962|-13.564108192058375 -4.9554503277132405 13.46728202945482|35.534111239520556 -1.1071144962620925 9.585578043930814 -1.1071144962620925 18.394344207027416 2.018842537834658 9.585578043930816 2.018842537834657 29.88387055597714|
