0.4395857088154318
0.625727377405006
0.7561959523396004
0.8610982243148079
0.9361038461267814
0.9844378034582025
1.0
0.9861710052699438
0.9332865601333127
0.8365318516139115
0.7137204206537215
0.564795896362063
0.4304940327282204
0.3581633262172392
0.3254527974416762
0.3418100780706584
0.3651680597205672
0.3355871729254687
0.34550886897805616
0.36689986770293
0.3823126319741226
0.4235121634447303
0.4073063151375669
0.43516131772683453
0.42212491860518697
0.4109403035115852
0.4215091407850018
0.4758671255048338
0.5270085696205413
0.5816115245675852
0.5746869992351669
0.5783769293148967
0.598855693323851
0.5455978549829946
0.5026279589680365
0.529727491894674
0.5318102690279036
0.4653349841469425
0.44669670656393884
0.4877628857457144
0.45884261624276274
0.3979456409014378
0.42120013710408905
0.4560579880243566
0.40229661388555604
0.3425388220636661
0.31640054915416616
0.3290630138638695
0.34999803949104114
0.324545786019847
0.3547887885515849
0.347068944451788
0.30540517067894773
0.29987831772937623
0.32736882411450835
0.31269148118092016
0.2738779040284716
0.29105641434880414
0.3096299753390421
0.27853357295217457
0.2760229015263034
0.26447209340318173
0.29690718508214553
0.3131632981439944
0.338252108582898
0.2958793845344478
0.27762406034519976
0.2925192109319608
0.2941227986710689
0.2939702302135367
0.282369332296337
0.2957380359213707
0.25533016238764505
0.2177989425567514
0.19531533784946803
0.17444759610287625
0.1607183738017952
0.178878375156957
0.19353093479548955
0.23144473979446165
0.2715411034419902
0.2839581796336471
0.33828148910426825
0.36693072526706344
0.41277247429985264
0.38631892957263086
0.3293852721985323
0.31164299611194307
0.2640174882847143
0.24685179129805912
0.22014385402856337
0.19916150521736686
0.22187623878339988
0.2270271034782447
0.265766717845089
0.25737446084949034
0.27393288166256424
0.2660481130707638
0.279442574615478
0.31028461064459933
0.3215238782469373
0.36137133693175105
0.3471822191912908
0.40144254430519277
0.43798427051474775
0.47508994375744107
0.47966261527572246
0.4165359139043881
0.42761557854778043
0.4590883418776899
0.4034480400716132
0.37118394513152286
0.37840609151163246
0.34453517754109997
0.34179746522294774
0.3246700416523392
0.30323699296955586
0.2693989631780257
0.28417473822712824
0.24650407795610504
0.21201032395755987
0.19400987017344692
0.1609653988632509
0.14583168519299636
0.17320232844673558
0.18665513372615417
0.22758532879361174
0.22845676669511622
0.23142356360785246
0.2675222343198464
0.305950788096267
0.3043193870630184
0.3413802951022196
0.2945016438785193
0.25284953419755696
0.21014919744520622
0.20008613003273584
0.17590496875019343
0.19183055897004075
0.2012001564591174
0.23297925507303816
0.20231834880687416
0.2142753297266042
0.1968452249573694
0.24091698294125097
0.260756041336511
0.30120499670345496
0.3514607963697936
0.3908589180680438
0.43968744934479403
0.4443795520368799
0.43075752721359917
0.39034553426758994
0.32854459152153365
0.315713593485905
0.2748904702237531
0.22885096729998847
0.20226468408140844
0.2216826863814243
0.2155205496767605
0.24778373458869793
0.24618459202957182
0.21113834054402736
0.19937213840859616
0.1664871403377499
0.15191467964949681
0.12731499705939675
0.12301555553019707
0.12248205736092917
0.14167336182990226
0.13054670372883864
0.1639253691485637
0.19703407198559594
0.22763927435007497
0.19421738758542895
0.19506782888105836
0.15079364612819418
0.13136397512553644
0.11482895973198358
0.12087247621618451
0.13045502459866443
0.1615700951181822
0.1933701412769975
0.21983028972740556
0.2016443131184624
0.17409472235353016
0.13867003344324924
0.1279881040958466
0.12107562483223175
0.141276929890944
0.16830726476733981
0.21387245924701315
0.24198084647684442
0.22432085160636275
0.27218679102386323
0.27152041125805426
0.23462224102962087
0.19929811296637584
0.15961200180966495
0.14182415763579762
0.1315541099419116
0.14754143600132325
0.15809493346864364
0.19234400975253593
0.20578680694398316
0.2609066593200961
0.2514972094908075
0.2658604275927209
0.22394208900585552
0.18065313698385338
0.16642668858282775
0.13884067351547494
0.12355980461423742
0.12702650158325138
0.12971664459077245
0.1602304386007454
0.17177585757222757
0.2021783978804674
0.1893973904470496
0.1555889257252568
0.1474992320755927
0.16048754798924958
0.14484212150815323
0.16112928319271305
0.16453487094039848
0.18442089337908585
0.22119540685511985
0.2701808971087259
0.30492121591205473
0.2805301493352268
0.2347683779237696
0.22128751446823086
0.20098355036450766
0.17858397016305252
0.163429469973368
0.1309688920389395
0.1424481785464126
0.16714849278399918
0.14956291272118175
0.1715580084164291
0.1697947959139553
0.2166372828883901
0.2272747642003462
0.20443795982853505
0.24698084471688456
0.23803206221246484
0.24958252436981002
0.27555670059343806
0.29186009123338114
0.30483002923575736
0.3459976309665967
0.3618949137904363
0.33257539014191223
0.36999832173237585
0.3282242485529969
0.2725095782365405
0.2341105874124083
0.1893969128842779
0.16607960659613363
0.16878510900306606
0.15879879510127115
0.17637421587448557
0.19795188675878617
0.18967503476113406
0.22493837235825573
0.23601961803267157
0.20836436203767608
0.2500357134900682
0.24309350628412554
0.21728536743792123
0.20959057574806406
0.2137128737581543
0.21422406044283224
0.25188257278649095
0.27487275094603436
0.3257563521344566
0.2994432563472479
0.295551230009732
0.2570214728010966
0.27974548027777524
0.27053459062322505
0.28924003779922874
0.3003221672339879
0.26316221628399616
0.28587759041979743
0.3002649154415647
0.2655402660138502
0.30756337449247584
0.348308188273021
0.3489451771473359
0.31753301914976745
0.3591781784450764
0.3511102448340511
0.3515165548804323
0.3409364633733265
0.3334806237618599
0.3086317022431497
0.3201185934041237
0.27452002407563214
0.2745918197883816
0.24540541954270784
0.2722016921435706
0.2360063128563824
0.26626575010225156
0.2691595092118984
0.25090730445912784
0.21492169163916489
0.18826962023655466
0.19165627025367918
0.18160376414107765
0.16119033702811666
0.1748877008392935
0.1646216662729847
0.18508050912935273
0.20129411469430364
0.20714588888156468
0.2447733479451046
0.24701691453504487
0.24200969425416013
0.2571509534531145
0.23310723627024027
0.20530450815194262
0.18936011492706945
0.1853533988785283
0.18471119669403052
0.20941564523526415
0.23357771660582036
0.24696273893210352
0.25647310934900863
0.24498142396352554
0.22318313952189028
0.21355644557255218
0.20018436815233398
0.21793572024202476
0.22411337031010453
0.2527125874887621
0.27756744690406193
0.2859677110750152
0.33612736347934
0.31605016907419864
0.32280683673341004
0.2864564417998614
0.2787258071558408
0.2576634554712066
0.24039353246681894
0.2276841425991199
0.22401864947115502
0.24311251024651792
0.2581485822223151
0.2552464414726665
0.2268485751803584
0.23193970474276715
0.2153700087044149
0.2008667610445826
0.18340606989074987
0.1720518380145559
0.16149942676695864
0.16490242786549758
0.17456292271600202
0.20103065488804917
0.23748222427894788
0.24070290598126337
0.28624408284539343
0.29715014053630623
0.27973757941562916
0.2564843958959526
0.21790246516146314
0.21176852453372563
0.18823506512225252
0.18690151240893355
0.19881307949241114
0.21119721256621762
0.24276637288973632
0.24057474287316546
0.24263858043036202
0.22953356277918197
0.22788820512213395
0.2437739103376621
0.2493329194124475
0.2871439598550735
0.3233877675754437
0.3612552113403834
0.39883450691026134
0.3705192315427682
0.3981797971217997
0.38581664215191824
0.4252142400216135
0.17680963886278594
0.35576471627904327
0.3664372541734201
0.3215390111731175
0.3369583809093958
0.4301476954553272
0.40454711278006056
0.47228856159314014
0.46641578039451764
0.40038041522497
0.4270872759744078
0.4735641394534271
0.4213874652790405
0.3768817839408261
0.3034544109712819
0.27766406645226593
0.24729411105297558
0.27901805022328247
0.28000463341733123
0.3504780870572331
0.40670552751635086
0.4609373657916886
0.5709091796052803
0.5454639082763558
0.5116426501577213
0.4112512512406098
0.37288069505665566
0.32683036542677285
0.27424781310640606
0.28774238391628726
0.2835590007473243
0.33049521438069285
0.32183358015777114
0.3678124817489306
0.3742664256442092
0.3513219511084196
0.34329998580068705
0.43239527046962706
0.3874205574907353
0.29943962159462634
0.31989403824552853
0.2250252336814068
0.21198382318230194
0.23747842509741562
0.2455244533905255
0.24164838484699658
0.2666451079079854
0.2578813397857628
0.30936427715208925
0.3179163334554608
0.2782919851929231
0.2733425187424606
0.2373633316917223
0.22749269530865446
0.19028878933783047
0.17304204735815945
0.15222985727980487
0.14796136401768084
0.15946006276213673
0.16449076004021213
0.1344457783417687
0.14813052812495567
0.19929916287907448
0.24326866323948304
0.19704607994718515
0.23376139839453142
0.25631793020263083
0.23067526914325323
0.29547446055070437
0.3431741028151874
0.41269022318370097
0.5118353520288174
0.5149296606606258
0.5782266888827423
0.5518952658439688
0.6436008325097331
0.7158462491001253
0.6968824934115886
0.7872090079524152
0.7477691642654885
0.7717863148496439
0.7718421690510899
0.7917083504386175
0.8184156113404636
0.7204229875271673
0.6528208024946476
0.7142863071835815
0.7030058360928131
0.5935096879384726
0.5802255524133534
0.5479806074963461
0.5387548221670262
0.476519140643782
0.44891617200878814
0.42566618083081675
0.39684592238858296
0.41004686746790436
0.39934150211457486
0.4434675888787842
0.48578648928090956
0.543916362666885
0.5980364053844849
0.5354728727706167
0.5342091480544718
0.4802398230254989
0.441949693402492
0.4133965724655174
0.3786599575729763
0.38866057449811126
0.37224493626433636
0.4106268445285339
0.44011023640928565
0.4459652320272545
0.5013653469346933
0.5293007388336665
0.4588502484617815
0.5006253798894491
0.5160577208090468
0.48424980077569535
0.5608502497703067
0.5542165924147271
0.4576959674950295
0.4340996458628488
0.37659320901891463
0.350307763010006
0.31340030068870356
0.32802287848647527
0.361663788138203
0.3699717504560004
0.3233214772109229
0.3012913384398406
0.2595105296091738
0.26325917882767735
0.2764193183811888
0.31889662748145053
0.3683449196277914
0.445968634341797
0.46005002983896165
0.5479731616088361
0.5157568383016912
0.46914032294751185
0.5306491567120137
0.5886039461087813
0.5409770818246862
0.5263206468467636
0.4612737362205472
0.46498492976858735
0.5016369993996724
0.537617224306559
0.5494244672508247
0.6254971944340704
0.6829191573725679
0.5816666313451271
0.4984509402212301
0.4509280081749065
0.41165762103135334
0.41212652956442636
0.363557930857095
0.3679354593876506
0.3910484728336828
0.3983574528707287
0.4723304602518397
0.4768886900324813
0.5355323748872663
0.6041908393609776
0.635264302653711
0.554731220196308
0.47285695842483155
0.38499321003241704
0.33478803778314187
0.28436517569093805
0.29494164983755145
0.34392796210702004
0.3373863383944063
0.4039364565679022
0.4778959291718492
0.48994386522725636
0.5997628370147854
0.6134093501586729
0.5630650265691173
0.5771395885321272
0.5263797429960292
0.44319157103841095
0.39345378133670744
0.31870147513483765
0.27975855713525555
0.22779619023466915
0.24639001343417696
0.2389832647710021
0.26832849953337906
0.24650245436332877
0.19777376473176692
0.20996258246513033
0.22420856064766728
0.26094501935236963
0.3077012227272187
0.3541589038466712
0.42193571395838636
0.45137787162784315
0.5245954717203304
0.7113877001643966
0.7696141638419566
0.5829893910080053
0.8568290493376189
0.7938282092192007
0.7588892473825648
0.7963419506777253
0.7246834379691066
0.6700239813826273
0.6934318450536687
0.8106810663173959
0.8106017944378089
0.7893590198803817
0.8552159585649384
0.757262779312677
0.7200163062434427
0.5928114266530207
0.5497799997488971
0.5392566647389525
0.48085754871539055
0.40568714110956233
0.38193048493139964
0.37817137939701706
0.29180313305008515
0.24335657304762218
0.24663144179071397
0.21869133079479833
0.14893401630664393
0.11670685608469486
0.08249883976258965
0.138547353101315
0.17379495055869398
0.17532718064698735
0.2537532216656619
0.3247185549540966
0.43035388183670986
0.5128157128962758
0.5590864613833756
0.4654070114429575
0.46717868562455445
0.5848101750996105
0.5740387236628168
0.4798720263937773
0.5386641640935679
0.6352993187691903
0.5548834265080704
0.5098942497009085
0.6148135478019914
0.6531038467618193
0.5783596801076901
0.5802249486865758
0.7030337707373258
0.6892823534498151
0.6104081967058104
0.680630702741774
0.7707142472340113
0.7231838304125979
0.6686601377619151
0.7689130957198419
0.8149484237207539
0.7256156322037823
0.7489546753904998
0.8677472713124974
0.8478323743721058
0.7813447178566084
0.8638806825983526
0.790400360614508
0.8217712784219853
0.7049929543386506
0.6443064724765386
0.5367750538453105
0.44433763697579165
0.4848153148620829
0.5759977599642226
0.5148864111774212
0.4398341764075253
0.5326584711118203
0.5819088631843611
0.4858613145637655
0.4511621496620602
0.5617003505523085
0.5762769907625414
0.5407445921436534
0.5102616146134603
0.48068370539342153
0.40690063341392063
0.35618971960047136
0.3589873354261522
0.29749280634528424
0.24378626930830147
0.13143652198910608
0.17583511987303613
0.18425107436291407
0.2741776422499478
0.2436441857542421
0.3101159329097642
0.35476857764070524
0.3278474138375914
0.33932723070328463
0.4294631891260583
0.46901278483255915
0.4281124174698595
0.405276808220742
0.3664215278874206
0.44313952219633973
0.3631733390846269
0.3472774528523836
0.4501804775237951
0.46692937328918904
0.4907124713177886
0.5303945346002649
0.6128150471902323
0.6573643902383236
0.8402348906394486
0.7677318878835327
0.7356892488548264
0.8329434373493866
0.8223579037536014
0.7162488642170186
0.6533105012758109
0.6596480257314962
0.7807270999236148
0.7857540419033083
0.7381550320364864
0.8236840952795828
0.7213247421150911
0.6843413683816882
0.5680451499579752
0.5174718421460697
0.5096957148679518
0.46692637441663687
0.3993567240294921
0.36253429725346137
0.3483595195366015
0.29008896392356615
0.24895637976477067
0.22531809592140944
0.1997316820572356
0.164907184200048
0.13075474771341036
0.09165594183926051
0.10002951314110863
0.11124401984700164
0.12530978788672853
0.19779101663033002
0.2791717520766875
0.3670348557640327
0.46900178351737354
0.5013388988815798
0.4142778482512055
0.4194862537613749
0.5256517404416997
0.5068599988871192
0.4221284604688276
0.4856207272654498
0.5671355898064089
0.5056060113561808
0.4539469444604344
0.5597053201265967
0.5984698401803629
0.5200491248234768
0.5377769129035869
0.643143226551955
0.6359168173695132
0.5526762929016505
0.6202912045405232
0.7096397830300902
0.6621581983263414
0.6164037277479675
0.7229201033220966
0.7416783211419338
0.6630372036640375
0.6927435609448956
0.8080939150063197
0.7780730326493851
0.7212397629510688
0.8146995794067241
0.7522517596716994
0.771713865826806
0.6688723714506002
0.5993094861229835
0.5110647379904205
0.41647585430686085
0.4403826776621652
0.5241133225777975
0.46536092552845587
0.3937157265114752
0.4696342098729792
0.5242113494837153
0.43594937842245646
0.3849881670128862
0.4860902003648404
0.5080355230842245
0.4485991281818106
0.44059893754351337
0.4075835547900118
0.3274750797147093
0.28472873550652744
0.2813479121313813
0.24046230825755568
0.17849050512201653
0.10586049444008457
0.1543850980866215
0.18823564357785058
0.2671732320035671
0.2585434968673059
0.32009168401440413
0.3252743164520448
0.3011237196687824
0.30438768676723954
0.3747309653175228
0.4062172821547403
0.3639614451935859
0.31582827539261954
0.2924470033839259
0.3480023799163552
0.2795666090977661
0.2748695965791844
0.3662277986618469
0.39089307298040393
0.4374468369867829
0.5308274127635942
0.5919043846988827
0.6207286035195408
0.5065294240834756
0.4026589917933365
0.320588394588577
0.28377518028691073
0.28072089938404393
0.27159305937018896
0.24710524502166265
0.2969948092686997
0.2744265225683034
0.3206341899256535
0.3633032780277029
0.4448540365441988
0.4999246853251366
0.5885906541240472
0.6149210505251117
0.5914098504003282
0.6740461598824569
0.7592084547428694
0.740130941573281
0.749693797814429
0.8568630866879818
0.9018315935542045
0.8905520401060141
0.9003486330028192
0.9525680234498971
0.9563112895953432
0.8415244044105363
0.7474235136156918
0.6377854415099212
0.5499568692564999
0.46962622498147716
0.3986000877148275
0.45989943190932475
0.45781926152088565
0.34538166322085795
0.3427738449090471
0.41974336634638626
0.35167510927814594
0.26733458672832694
0.3286621100203782
0.3660251015478569
0.2609552210952569
0.2145050534731673
0.30081401795871965
0.2921002650689655
0.1861726369443907
0.20306929537125692
0.2883942430691125
0.23775520952801085
0.15280981555647288
0.20529671062105656
0.25991902014605883
0.17690951075781763
0.1642837387753534
0.24905266200737292
0.24948049537098316
0.18144281232892984
0.2062270986682241
0.2720411122615885
0.23897457998943566
0.27091370203971066
0.23852415503534266
0.2923399860335961
0.3197951220275674
0.4287388436366104
0.49955202011145516
0.4984768012683288
0.39470056695357564
0.42077603404903263
0.5036707232765107
0.43796904905919276
0.3586328637324769
0.4449867291491404
0.4733650829751178
0.36675586139124117
0.3411571496391969
0.4384940022088436
0.48810854027380013
0.5769902230937907
0.6835575809567359
0.6029724305670477
0.5898254267760756
0.7101744487246435
0.741001665883731
0.64207342717018
0.6701547029748279
0.7832749406893135
0.7648637313816554
0.6805511160714823
0.7442167668139074
0.8339553567205275
0.7702613857000761
0.7258540070814307
0.832193639904006
0.8791509697036466
0.7839213490609463
0.7988910688092057
0.9194926839017699
0.9188391216319707
0.8506039171459976
0.89138185034465
0.7846215462742471
0.6639738217093882
0.5332766092928527
0.42364790105457023
0.3666172723147729
0.3598422869830689
0.3401110426754978
0.3526002345794863
0.37203207686703105
0.43332991131669346
0.4908734903083698
0.5774372187224209
0.584446574773
0.5690176232683619
0.6453502832414711
0.7199823716477391
0.7012048500002862
0.7133487711903416
0.8118123258867691
0.8482589200881714
0.8448434316268082
0.8487367283544431
0.9093152727449688
0.9065322579993249
0.793375439629877
0.7123805675899951
0.6037009064793402
0.5300689862975257
0.4712955654267521
0.3993616904298557
0.43480793680262936
0.4411111362553511
0.35233775338788087
0.34382350033648296
0.39737255078233613
0.3474863642289385
0.2588675808905301
0.3077895622054674
0.33782375010031823
0.24115156190270431
0.19724030372611537
0.26107916974412854
0.25581995545564595
0.159522010644479
0.15337968923023543
0.22080100432413963
0.1890321886377286
0.08634576170362294
0.11771110451057303
0.17778036014767176
0.09780620707533398
0.0552524185222311
0.13720486594820647
0.14127208816091438
0.07045718215538144
0.07517259621219748
0.14010947202864235
0.11441400072557988
0.1526165356839385
0.13686672652268161
0.20946716113163893
0.23833233615408744
0.3457226773024601
0.4306331238536986
0.40993061701944405
0.30802759664499024
0.35243275961181514
0.42387233474158714
0.3464674989545681
0.2725375784060172
0.3632722343794466
0.3780214007108935
0.2623632088307488
0.2567418898488056
0.3569267783339318
0.3990327660665382
0.49335140116015364
0.6070761065612793
0.5371399866310561
0.49887923542540913
0.6159990496369021
0.6645728041964886
0.5746414500867618
0.5903686281305852
0.7040705942891367
0.6875261284563233
0.6088179768470328
0.6495761370740751
0.7699027024203402
0.7060486557425595
0.6634679397474499
0.7733770981457554
0.826608438739379
0.7374379673422626
0.7557425336713879
0.8673405361819507
0.8656918572576153
0.7986870457683787
0.844866087655228
0.7609913808423517
0.7183193188485549
0.6796408980001103
0.6288393494324986
0.5091034254527582
0.47942679189610465
0.46622512397566546
0.4110183428096907
0.3941437802124772
0.35102753745818693
0.2924679756679079
0.2873075333507161
0.3573867216457559
0.3502828622821506
0.2916224358548821
0.3266330953806052
0.39470647151918414
0.33626012516376075
0.3107237035109801
0.3960142475893573
0.4034051550597177
0.3364158756152767
0.3448509918611941
0.43144102086635083
0.39988109539758454
0.34279334707823905
0.3330183633398
0.2888909837671567
0.2845785350308965
0.30575409598132786
0.35286710057131887
0.36913452095955324
0.4313258806457474
0.43481341670985735
0.3809217103016049
0.4176586080029585
0.4889255637920309
0.46780958429297864
0.43603460558632967
0.5197003203455435
0.5859568367575831
0.526317351535244
0.5188624640425653
0.6258484896904979
0.6613725633322729
0.6106026314974149
0.6303751021321187
0.6889873018682033
0.6802809079856541
0.575394335468528
0.5069724714718148
0.43077612287304606
0.3740008091798452
0.37038612655724357
0.3092659480483484
0.30357433511646226
0.32182189152607155
0.2914334821200129
0.24449877048557886
0.26198438191398177
0.26440903310377245
0.21354081639073647
0.1834726585953505
0.20256814660271474
0.19888478598602902
0.16975250411636195
0.1375237542290571
0.17141935136133288
0.16303239417127144
0.12516430630608558
0.10539852304669192
0.1316731218363553
0.13194181818143438
0.07830862993994438
0.10397660776890286
0.11678101791832468
0.10074144552319593
0.07904539833768003
0.10491090481588894
0.11827115697171826
0.08969779214347187
0.0955377879961757
0.11702940116692194
0.12992239917224008
0.1566405928996872
0.161671773444297
0.16284758057884383
0.21644525835439565
0.2779254975758738
0.24967039172878192
0.16020811850644304
0.18296340405983966
0.2319454321456155
0.16210847429230346
0.10177071739259584
0.15737204089844642
0.17968170023283103
0.08511233724169517
0.07292331793360507
0.14430196015949848
0.20592058145844128
0.2661561751306134
0.272688203945193
0.3436786721186796
0.509587247397196
0.4741262327757694
0.5081836451055579
0.5636816048436625
0.5665240183135578
0.5355664315583403
0.524381546008273
0.4563960520551581
0.4643475458417624
0.408577598654866
0.3344447164160488
0.3267503436205602
0.39931302493396237
0.389735085497919
0.3144282575118129
0.37923974467196825
0.44163241513198215
0.36285248159513267
0.3482174102646844
0.45411487500954234
0.4417601079254397
0.35624684311622645
0.3845817720693163
0.47701641487569796
0.42355813935466496
0.345854489967151
0.31210398163629605
0.23772148527946912
0.2237155479534218
0.20434185821956077
0.2503534955772341
0.25233807926552615
0.2990339395111498
0.3067888318516933
0.2512821820536107
0.2780078877121472
0.34789415837075977
0.3295238814836415
0.2928073110513068
0.3701933844382443
0.4381933342035662
0.3952824999225125
0.3814550362203523
0.48274414872862426
0.5306123020812835
0.4855925912846532
0.5253036443912952
0.5699707445765354
0.5157387461615953
0.41313469726513696
0.35829935575928684
0.2680784929476358
0.2232363781288311
0.22913189263899153
0.18422643192980148
0.16989146916405942
0.19079319561929275
0.176912940580655
0.13719444867185038
0.12275047796619133
0.14500607402055618
0.1437710379885098
0.0886916431409286
0.09646532642900438
0.12496037928470188
0.12892994075122657
0.060138616601223494
0.08166487164556704
0.13317421314340397
0.1112274461092484
0.05085301707724004
0.09963172795524097
0.15025141475514683
0.09112186128157465
0.06636715232989444
0.12832739084920775
0.1428517942425759
0.08241355887921818
0.0970964479217057
0.17287610228540642
0.13456282992763627
0.10869081629742601
0.1637618383317692
0.1442994750740264
0.18095028916161038
0.13713223634282068
0.10255233670980335
0.12568786433769832
0.15390680424915426
0.1374056218113411
0.07204717947131489
0.07846043194982033
0.13000304895390563
0.07341186539804102
0.02791078551733495
0.0626170960987592
0.09762034303008826
0.04354584418844857
0.015124218401243221
0.0638586093926099
0.04984034978162375
0.13868314732048556
0.197231306565891
0.30839604474428417
0.825610439045392
0.6673253268520434
0.7430990845161622
0.637816089362767
0.5640577913092976
0.48852426152997125
0.502612783985479
0.4531967168265897
0.3867935414690859
0.38790600001597325
0.3534296734601622
0.3184913855299787
0.29224423935185706
0.25567805858393794
0.25367867499935454
0.2564028819911026
0.21682823214854577
0.19267877143235476
0.22681549108511945
0.2442950538407847
0.19192484302531537
0.22348167475283476
0.1900172202077055
0.21751409509087563
0.19948369114164757
0.21565388341736688
0.2589203806320195
0.3332870577395505
0.3640516219342792
0.2978134406927828
0.3278155077988928
0.41157308027875494
0.35407023661077025
0.2974796084981343
0.3764559755456981
0.40719577506126065
0.3042958575363471
0.3068670556377287
0.4005779070045046
0.3783514074998435
0.2844331741230384
0.3418416183534413
0.4109431324507334
0.33968449473617257
0.28685156991507316
0.3748591655664062
0.4379274597983875
0.3507371890888573
0.32699683092345966
0.4273351027465237
0.4315171388305481
0.3578621376444881
0.41362200100112284
0.5017228030961562
0.44250218637349886
0.4105441355966816
0.5121717078944933
0.4885583110976674
0.5420171809360528
0.4543587716698684
0.3909985871789049
0.32619904360686963
0.27117569283072424
0.2241692164081254
0.26833439387601715
0.24989628020492158
0.1796205268737209
0.17891890060340984
0.21078230501820627
0.15749554838234792
0.1108853370453137
0.13627972673939515
0.137684943674874
0.05980462686166735
0.10694739943906922
0.11660578108238939
0.15632150696988353
0.22204920184402466
0.27240871060838556
0.2429404712278177
0.2335597635615203
0.2769115763894399
0.32325418146295204
0.8074007057650556
0.7140906289125096
0.6733456816176007
0.6490631251252877
0.5994771683565945
0.6174561761356372
0.6317351536133067
0.5453640535846649
0.5623536852691442
0.5035579833413399
0.41034053735005255
0.3523411772010339
0.3684989950101711
0.3247069047479558
0.25509242060685455
0.2622251682889498
0.2410727137336376
0.23750053758163184
0.20681685301391217
0.16995723138970892
0.18557286143376678
0.21823665187915697
0.17532994833740104
0.15848705449384107
0.23276157104421785
0.25647603547374564
0.20914715645654275
0.2576467465883983
0.20045934718929145
0.24054478717378572
0.18605807134082583
0.1526014029941539
0.16709381151643063
0.22862026979593184
0.24001661727816123
0.1821175582046278
0.21944414595103284
0.2930854640264009
0.23847454630238282
0.18340547176376015
0.2551393594032684
0.28445734542814055
0.19021622433115962
0.181806313766853
0.2748374166073194
0.25854466567684464
0.16642857673169542
0.21391580641634075
0.30217048061908736
0.2323205311910879
0.1596937674829858
0.24865373444888836
0.31657700696301966
0.22029555852110327
0.19884018988123883
0.29601661235146653
0.3090206392166
0.22090196769889353
0.2750286683299129
0.3575208097876466
0.31581881502888964
0.2703569035850784
0.3713776118601136
0.334652456915729
0.3792378168461037
0.29980525624580684
0.24271764107291627
0.17316656039117925
0.12586184171150558
0.0960139553114706
0.1194126275950778
0.10792858574612856
0.062476582721979125
0.04079958534060161
0.07945145595886335
0.03442760525861673
0.01207963628498085
0.02134350463210359
0.03157303261259083
0.0
0.027231760211395416
0.07519864570450986
0.11712215100372901
0.21052615653229367
0.23991379112312222
0.17997970912167677
0.1794797608353298
0.13954831128099277
0.17343470799139843
