148.6961248242716 1
149.24393268533055 1
149.79174054638946 2
150.3395484074484 1
150.88735626850732 7
151.43516412956626 8
151.9829719906252 11
152.53077985168412 9
153.07858771274306 12
153.62639557380197 18
154.1742034348609 22
154.72201129591986 37
155.26981915697877 34
155.8176270180377 40
156.36543487909663 45
156.91324274015557 52
157.46105060121448 55
158.00885846227342 67
158.55666632333237 74
159.10447418439128 81
159.65228204545022 88
160.20008990650913 89
160.74789776756808 96
161.29570562862702 99
161.84351348968593 110
162.39132135074487 116
162.9391292118038 117
163.48693707286273 137
164.03474493392167 138
164.5825527949806 135
165.13036065603953 126
165.67816851709844 135
166.22597637815738 141
166.7737842392163 151
167.32159210027524 131
167.86939996133418 154
168.4172078223931 155
168.96501568345204 154
169.51282354451095 172
170.0606314055699 162
170.60843926662884 181
171.15624712768775 207
171.7040549887467 231
172.2518628498056 216
172.79967071086455 228
173.3474785719235 256
173.8952864329824 240
174.44309429404134 274
174.99090215510026 251
175.5387100161592 328
176.0865178772181 315
176.63432573827706 301
177.182133599336 345
177.7299414603949 303
178.27774932145385 314
178.8255571825128 329
179.3733650435717 305
179.92117290463065 315
180.46898076568957 315
181.0167886267485 268
181.56459648780742 269
182.11240434886636 252
182.6602122099253 269
183.20802007098422 226
183.75582793204316 261
184.30363579310207 231
184.85144365416102 232
185.39925151521993 211
185.94705937627887 215
186.49486723733781 217
187.04267509839673 203
187.59048295945567 199
188.1382908205146 177
188.68609868157353 208
189.23390654263247 193
189.78171440369138 152
190.32952226475032 165
190.87733012580924 151
191.42513798686818 150
191.97294584792712 120
192.52075370898604 113
193.06856157004498 97
193.6163694311039 96
194.16417729216283 80
194.71198515322175 62
195.2597930142807 49
195.80760087533963 45
196.35540873639854 30
196.9032165974575 31
197.45102445851643 27
197.99883231957534 20
198.54664018063428 6
199.0944480416932 6
199.64225590275214 6
200.19006376381105 5
200.73787162487 4
201.28567948592894 1
201.83348734698785 3
202.3812952080468 1
202.92910306910574 1
