3.1425353288650513 0.0 1.0 0.0
5.142535328865051 1.3233769555346392e-94 0.12495888634528923 4.5786802030456855
7.142535328865051 0.0 0.3744832247392336 32.79526226734349
9.142535328865051 0.0 0.32197433052622504 50.72419627749577
11.142535328865051 0.0 0.32802165336557393 62.646362098138745
13.142535328865051 0.0 0.3306484336190315 71.18781725888324
15.142535328865051 0.0 0.3089345501960245 77.09306260575296
17.14253532886505 0.0 0.4067390772604675 93.90862944162437
19.14253532886505 0.0 0.4006011348123585 95.45516074450084
21.14253532886505 0.0 0.38167836541308076 99.58375634517766
23.14253532886505 0.0 0.3246651665242202 99.71235194585448
25.14253532886505 0.0 0.33287264889825036 99.86125211505922
27.14253532886505 0.0 0.32716932214689576 99.59052453468698
29.14253532886505 0.0 0.27045325105425566 99.49915397631133
31.14253532886505 1.093006696568112e-205 0.17932844348884489 99.93231810490694
33.14253532886505 6.111751615083698e-36 0.072808663534515 99.66835871404399
35.14253532886505 4.406833763927636e-48 0.08475367569242469 99.94923857868021
37.14253532886505 1.7741218058875916e-05 0.024965353559062528 100.0
39.14253532886505 1.0 0.0 100.0
41.14253532886505 1.0 0.0 100.0
43.14253532886505 1.0 0.0 100.0
45.14253532886505 1.0 0.0 100.0
47.14253532886505 1.0 0.0 100.0
49.14253532886505 1.0 0.0 100.0
51.14253532886505 1.0 0.0 100.0
