149.4027282254928 1
149.9686625494796 1
150.5345968734664 0
151.1005311974532 0
151.66646552144 4
152.23239984542678 6
152.79833416941358 16
153.36426849340037 14
153.93020281738717 15
154.49613714137396 14
155.06207146536076 22
155.62800578934755 38
156.19394011333435 47
156.75987443732114 54
157.32580876130794 82
157.89174308529473 74
158.45767740928153 101
159.02361173326832 111
159.58954605725512 125
160.15548038124192 137
160.7214147052287 146
161.2873490292155 163
161.8532833532023 181
162.4192176771891 193
162.9851520011759 192
163.5510863251627 216
164.11702064914948 238
164.68295497313628 249
165.24888929712307 262
165.81482362110987 279
166.38075794509666 253
166.94669226908346 295
167.51262659307025 270
168.07856091705705 313
168.64449524104384 328
169.21042956503064 310
169.77636388901743 313
170.34229821300423 358
170.90823253699102 366
171.47416686097785 364
172.0401011849646 376
172.60603550895144 338
173.1719698329382 405
173.73790415692503 355
174.3038384809118 419
174.86977280489862 400
175.43570712888538 367
176.0016414528722 356
176.56757577685897 325
177.1335101008458 330
177.6994444248326 298
178.2653787488194 297
178.83131307280618 303
179.39724739679298 285
179.96318172077977 266
180.52911604476657 242
181.09505036875336 233
181.66098469274016 232
182.22691901672695 188
182.79285334071375 198
183.35878766470054 201
183.92472198868734 181
184.49065631267413 188
185.05659063666093 187
185.62252496064772 211
186.18845928463452 167
186.7543936086213 202
187.3203279326081 211
187.8862622565949 189
188.4521965805817 165
189.0181309045685 179
189.5840652285553 176
190.14999955254208 171
190.71593387652888 162
191.28186820051567 178
191.84780252450247 129
192.41373684848926 139
192.97967117247606 122
193.54560549646285 98
194.11153982044965 92
194.67747414443645 76
195.24340846842324 58
195.80934279241004 54
196.37527711639683 42
196.94121144038363 34
197.50714576437042 29
198.07308008835722 14
198.639014412344 10
199.2049487363308 5
199.7708830603176 9
200.3368173843044 4
200.9027517082912 6
201.468686032278 2
202.03462035626478 1
202.60055468025158 0
203.16648900423837 2
203.73242332822517 0
204.29835765221196 1
204.86429197619876 1
205.43022630018555 1
